Alouette 1 
1 00424U 62 49  A 93186.69511793  .00000062  00000-0  68574-4 0  7236
2 00424  80.4634 266.8483 0022580 288.7232  71.1466 13.67774070535036
ATS 3      
1 03029U 67111  A 93182.54665503 -.00000078  00000-0  99999-4 0  9543
2 03029  14.3301  11.4904 0010385 249.3683 109.9954  1.00268340 93923
Cosmos 398 
1 04966U 71 16  A 93189.78515905  .00078301  28726-4  21454-3 0  3092
2 04966  51.4536 162.6480 1342519 123.7586 249.8592 13.14488712726389
Starlette  
1 07646U 75010  A 93189.06910308 -.00000150  00000-0 -70709-4 0  5185
2 07646  49.8254  71.2716 0205694 279.8317  77.9408 13.82182482930257
LAGEOS     
1 08820U 76039  A 93189.38778890  .00000004  00000-0  99999-4 0  6623
2 08820 109.8527  17.8148 0044174 358.5342   1.5168  6.38664379145194
ETS-2      
1 09852U 77014  A 93173.44610680 -.00000212  00000-0  99999-4 0  7695
2 09852  11.4929  45.8151 0002615  35.4858 324.5134  1.00020332  6877
GOES 2     
1 10061U 77048  A 93185.08457239  .00000106  00000-0  99999-4 0   265
2 10061  10.5393  49.9642 0002446  17.8295 108.8566  1.00273460  3621
IUE        
1 10637U 78012  A 93190.13139335 -.00000192  00000-0  00000+0 0  7692
2 10637  34.0636 100.4843 1315147  25.5355 158.5800  1.00252044  9451
GPS-0001   
1 10684U 78020  A 93186.38712143 -.00000007  00000-0  99999-4 0   394
2 10684  64.4397  55.8431 0064475 163.3074 196.9871  1.98069208 98067
GPS-0002   
1 10893U 78 47  A 93189.55037112 -.00000011  00000-0  99999-4 0  7878
2 10893  63.7278 295.3959 0207635  13.6285 346.9537  2.01626569111148
GOES 3     
1 10953U 78062  A 93186.44365340  .00000100  00000-0  99999-4 0  7692
2 10953   9.4636  52.6222 0006515  66.5148 150.0291  1.00251592  8252
SeaSat 1   
1 10967U 78064  A 93184.36909480  .00000079  00000-0  47224-4 0  9812
2 10967 108.0063 100.2675 0001863 248.8302 111.2646 14.37849316786221
GPS-0003   
1 11054U 78093  A 93183.38640208 -.00000010  00000-0  99999-4 0  9129
2 11054  63.4166 292.0335 0043729 173.3694 186.6996  1.93505879107742
Nimbus 7   
1 11080U 78098  A 93189.70609906  .00000020  00000-0  33645-4 0   931
2 11080  99.1008  80.3508 0009084 341.6498  18.4328 13.83715645742573
GPS-0004   
1 11141U 78112  A 93184.98412682 -.00000006  00000-0  99999-4 0  6052
2 11141  64.4299  56.5268 0048808  24.6316 335.6756  1.92894705106283
GPS-0005   
1 11690U 80 11  A 93182.88040666 -.00000005  00000-0  99999-4 0  5427
2 11690  64.6216  57.9436 0130538 190.0290 169.3714  2.00549862112516
GPS-0006   
1 11783U 80 32  A 93184.52005915 -.00000009  00000-0  99999-4 0  7633
2 11783  62.8556 289.9089 0203973  29.0866 332.0214  2.03457036 96868
GOES 5     
1 12472U 81049  A 93187.68742099 -.00000022  00000-0  99999-4 0  5250
2 12472   6.0635  62.0740 0006128 321.4664  38.4916  1.00205894  2305
Cosmos 1383
1 13301U 82 66  A 93186.21173293  .00000019  00000-0  15797-4 0   427
2 13301  82.9320 204.1461 0028265 333.7483  26.2234 13.68040562549985
LandSat 4  
1 13367U 82 72  A 93189.57769087  .00000180  00000-0  44876-4 0  8124
2 13367  98.2259 248.3292 0006263 236.5168 123.5392 14.57103326584021
IRAS       
1 13777U 83  4  A 93189.17080684  .00000127  00000-0  99999-4 0  3683
2 13777  98.9862  22.1527 0003667 186.0991 174.0117 13.99172146203126
Cosmos 1447
1 13916U 83 21  A 93182.71026139  .00000025  00000-0  19676-4 0  1235
2 13916  82.9438 270.8915 0037405 288.3123  71.3968 13.74290384515190
TDRS 1     
1 13969U 83 26  B 93189.57633673  .00000120  00000-0  99999-4 0   103
2 13969   7.0172  54.6858 0004639  30.0112 238.3243  1.00272808 10613
GOES 6     
1 14050U 83 41  A 93189.16238362 -.00000225  00000-0  99999-4 0  9222
2 14050   4.8901  64.9120 0003792 327.9573 235.2956  1.00289314  9349
OSCAR 10   
1 14129U 83 58  B 93188.53303997 -.00000143  00000-0  99999-4 0    66
2 14129  27.0196  16.9348 6027383  95.8219 331.6625  2.05886544 47715
GPS-0008   
1 14189U 83 72  A 93149.63928051 -.00000008  00000-0  99999-4 0  4660
2 14189  63.9714  54.1367 0106248 281.1688  77.5759  2.00564920 72373
LandSat 5  
1 14780U 84 21  A 93189.75453085  .00000023  00000-0  99999-5 0  6152
2 14780  98.2121 250.3914 0003592 246.5636 113.5346 14.57111282497465
UoSat 2    
1 14781U 84 21  B 93187.16594821  .00000339  00000-0  61590-4 0  4232
2 14781  97.8090 212.7206 0011652 303.1422  56.8661 14.69021226499508
GPS-0009   
1 15039U 84 59  A 93189.69812005 -.00000009  00000-0  99999-4 0  8836
2 15039  63.7706  51.8575 0049044 217.4829 142.2413  2.00562925 66453
Cosmos 1574
1 15055U 84 62  A 93185.75854103  .00000032  00000-0  27359-4 0  3747
2 15055  82.9551 321.2479 0027980 101.0548 259.3758 13.73588081452937
GPS-0010   
1 15271U 84 97  A 93189.13850210 -.00000009  00000-0  99999-4 0  5269
2 15271  62.5609 289.5745 0134652 344.3704  15.2622  2.00571327 63556
Cosmos 1602
1 15331U 84105  A 93186.65297960  .00000668  00000-0  78534-4 0   466
2 15331  82.5337  42.1121 0018585 268.8825  91.0261 14.84073450473111
NOAA 9     
1 15427U 84123  A 93189.38420506  .00000117  00000-0  72148-4 0  4063
2 15427  99.0990 229.9310 0015902 107.1505 253.1389 14.13529846441776
GPS-0011   
1 16129U 85 93  A 93189.36685083 -.00000007  00000-0  99999-4 0  2645
2 16129  64.5086  53.7362 0130361 141.6201 219.3845  2.00564499  3267
Mir        
1 16609U 86 17  A 93189.98397073  .00008567  00000-0  11546-3 0  1673
2 16609  51.6214 110.0517 0005913 180.1109 180.0321 15.58709119422533
SPOT 1     
1 16613U 86 19  A 93189.71705501  .00000114  00000-0  62355-4 0  1541
2 16613  98.7246 263.8036 0001180  76.3423 283.7870 14.20027971 67818
Cosmos 1766
1 16881U 86 55  A 93188.23611154  .00000731  00000-0  88055-4 0  8967
2 16881  82.5195  98.8030 0017806 288.8434  71.0848 14.83118373374329
EGP        
1 16908U 86 61  A 93189.57555644 -.00000025  00000-0  99999-4 0  6563
2 16908  50.0097  60.8327 0015369 169.6589 190.4577 12.44407823313983
NOAA 10    
1 16969U 86 73  A 93189.27737927  .00000180  00000-0  85113-4 0  2487
2 16969  98.5150 203.6622 0012048 254.4137 105.5729 14.24819413353639
MOS-1      
1 17527U 87 18  A 93189.61704789  .00000135  00000-0  12493-3 0  5748
2 17527  99.0731 259.7639 0001599 118.9093 241.2119 13.94887868325045
GOES 7     
1 17561U 87 22  A 93187.28518586 -.00000018  00000-0  99999-4 0  3768
2 17561   0.7853  80.1013 0005076 333.0787 221.3799  1.00268412  6516
Kvant-1    
1 17845U 87 30  A 93187.86822296  .00010783  00000-0  14378-3 0  3825
2 17845  51.6187 120.6846 0005650 169.0944 191.0694 15.58676084422201
DMSP B5D2-3
1 18123U 87 53  A 93189.43525750  .00000125  00000-0  73978-4 0  8567
2 18123  98.7954  21.0801 0015232  81.3413 278.9486 14.15295177312387
RS-10/11   
1 18129U 87 54  A 93187.62319590  .00000088  00000-0  89554-4 0  6299
2 18129  82.9235 224.2461 0009931 265.4158  94.5835 13.72319547302513
Meteor 2-16
1 18312U 87 68  A 93170.02430810  .00000032  00000-0  23765-4 0   120
2 18312  82.5557 139.8844 0014260  50.2983 309.9427 13.83998925294822
Meteor 2-17
1 18820U 88  5  A 93179.53392611  .00000036  00000-0  26794-4 0  8731
2 18820  82.5425 189.8915 0017812  90.0109 270.3093 13.84687227273415
DMSP B5D2-4
1 18822U 88  6  A 93189.34585056  .00000164  00000-0  81381-4 0  7599
2 18822  98.4876  52.7178 0005399 271.9649  88.0915 14.22863123281621
Glonass 34 
1 19163U 88 43  A 93186.16782821  .00000016  00000-0  99999-4 0  6796
2 19163  64.9555 122.0672 0006823 184.9013 175.0722  2.13102286 39260
Glonass 36 
1 19165U 88 43  C 93184.34658793  .00000016  00000-0  99999-4 0  8798
2 19165  64.9443 122.1136 0004448 326.3189  33.6113  2.13102276 39847
METEOSAT 3 
1 19215U 88 51  A 93187.68810606 -.00000219  00000-0  99999-4 0  6352
2 19215   0.9691  74.4974 0003910  13.4262   8.2785  1.00245847  6446
AO-13      
1 19216U 88 51  B 93184.69450408  .00000118  00000-0  99999-4 0  6167
2 19216  57.9978 307.8211 7229262 318.7860   4.8917  2.09717250  7202
OKEAN 1    
1 19274U 88 56  A 93185.49784244  .00000351  00000-0  42790-4 0  5966
2 19274  82.5141 200.8642 0021563  71.1565 289.2057 14.81916633269585
Meteor 3-2 
1 19336U 88 64  A 93188.93243038  .00000043  00000-0  99999-4 0   468
2 19336  82.5405 207.2691 0018283  39.4130 320.8307 13.16959926237946
Glonass 39 
1 19503U 88 85  C 93186.71683044 -.00000022  00000-0  99999-4 0  9373
2 19503  65.7370   0.9888 0006268 171.8312 188.2710  2.13101975 37383
NOAA 11    
1 19531U 88 89  A 93189.41402496  .00000123  00000-0  76853-4 0  1566
2 19531  99.1336 165.6293 0012495  23.0561 337.1185 14.12894133246671
TDRS 2     
1 19548U 88 91  B 93189.19412853 -.00000260  00000-0  99999-4 0  6553
2 19548   0.2455  80.9075 0002705  24.7415 188.6304  1.00283094  4765
Glonass 40 
1 19749U 89  1  A 93188.16478161  .00000016  00000-0  00000+0 0  1180
2 19749  64.9165 121.5978 0006746 270.5366  89.3718  2.13101620 34940
Glonass 41 
1 19750U 89  1  B 93185.87561805  .00000016  00000-0  99999-4 0  8812
2 19750  64.9346 121.7152 0007745 249.4203 110.4780  2.13102019 34896
GPS BII-01 
1 19802U 89 13  A 93189.21049427  .00000014  00000-0  99999-4 0  6463
2 19802  55.0625 153.3323 0037117 176.6306 183.3663  2.00557115 32150
Akebono    
1 19822U 89 16  A 93188.60061938  .00023623  00000-0  11650-2 0  8707
2 19822  75.0886  15.1819 3877957 181.6576 176.6551  7.68233040 82636
Meteor 2-18
1 19851U 89 18  A 93187.16177012  .00000072  00000-0  58286-4 0  8118
2 19851  82.5200  59.8020 0014616 112.0303 248.2412 13.84339133219817
MOP-1      
1 19876U 89 20  B 93189.97020242  .00000016  00000-0  00000+0 0  5617
2 19876   0.2332 347.2379 0001013 156.4797 132.7162  1.00255228  3697
TDRS 3     
1 19883U 89 21  B 93183.57718846 -.00000241  00000-0  00000+0 0  6364
2 19883   0.0459 122.6219 0002637 351.7064 333.0155  1.00266594 85990
GPS BII-02 
1 20061U 89 44  A 93189.55143294 -.00000030  00000-0  99999-4 0  6212
2 20061  54.8167 330.4617 0120182 201.4813 158.0041  2.00560369 29909
Nadezhda 1 
1 20103U 89 50  A 93187.06523203  .00000022  00000-0  16648-4 0  7459
2 20103  82.9601 183.0010 0036426 172.1390 188.0345 13.73821174200784
GPS BII-03 
1 20185U 89 64  A 93188.38669010  .00000014  00000-0  99999-4 0  5827
2 20185  54.9123 154.0740 0007990 225.1473 134.7604  2.00562932 28455
GMS 4      
1 20217U 89 70  A 93188.22423087 -.00000256  00000-0  99999-4 0  6645
2 20217   0.2228 259.4472 0001875 187.1085  59.5702  1.00275815 14644
GPS BII-04 
1 20302U 89 85  A 93189.41924898 -.00000009  00000-0  99999-4 0  5830
2 20302  53.8001 271.0557 0007767 321.5677  38.4438  2.00557933 27273
Meteor 3-3 
1 20305U 89 86  A 93177.99926999  .00000043  00000-0  99999-4 0  7185
2 20305  82.5531 157.9524 0017135  87.7200 272.5856 13.16021137176396
COBE       
1 20322U 89 89  A 93186.07623403 -.00000021  00000-0 -22615-5 0  6965
2 20322  98.9912 201.4612 0009438 146.2201 213.9567 14.03412555185709
Kvant-2    
1 20335U 89 93  A 93187.86822116  .00012718  00000-0  16836-3 0  4827
2 20335  51.6187 120.6855 0005300 167.5758 192.5792 15.58679473422207
GPS BII-05 
1 20361U 89 97  A 93188.43216919  .00000003  00000-0  99999-4 0  5335
2 20361  55.3362  96.0056 0068958  96.4083 264.4070  2.00566688 16731
SPOT 2     
1 20436U 90  5  A 93189.82720762  .00000120  00000-0  65160-4 0  2632
2 20436  98.7016 264.5476 0001543  93.7368 266.3961 14.20039528179364
UO-14      
1 20437U 90  5  B 93182.20971269  .00000089  00000-0  42559-4 0  7566
2 20437  98.6116 266.3259 0011387 137.8139 222.3924 14.29779930179433
UO-15      
1 20438U 90  5  C 93171.76307239  .00000061  00000-0  31689-4 0  5601
2 20438  98.6145 255.3409 0009892 171.4834 188.6518 14.29134502177885
PACSAT     
1 20439U 90  5  D 93182.20920941  .00000064  00000-0  32758-4 0  5616
2 20439  98.6204 267.2224 0011700 138.8191 221.3877 14.29838853179440
DO-17      
1 20440U 90  5  E 93182.19733455  .00000070  00000-0  34778-4 0  5631
2 20440  98.6207 267.4254 0011569 137.7846 222.4232 14.29974855179459
WO-18      
1 20441U 90  5  F 93182.09704417  .00000064  00000-0  32864-4 0  5656
2 20441  98.6204 267.3487 0012118 139.6471 220.5611 14.29954643179442
LO-19      
1 20442U 90  5  G 93182.72776255  .00000054  00000-0  28772-4 0  5625
2 20442  98.6202 268.1509 0012392 136.8810 223.3349 14.30044283179547
GPS BII-06 
1 20452U 90  8  A 93187.83805728  .00000011  00000-0  99999-4 0  5716
2 20452  54.1057 210.5759 0049047  68.2230 292.3577  2.00555140 25229
MOS-1B     
1 20478U 90 13  A 93189.66224020  .00000117  00000-0  99999-4 0  2683
2 20478  99.0757 263.9491 0001913  22.1765 337.9453 13.94881581 94758
DEBUT      
1 20479U 90 13  B 93178.58920100 -.00000001  00000-0  28198-4 0  5000
2 20479  99.0370  32.8645 0541353  62.9929 302.5380 12.83304557158652
FO-20      
1 20480U 90 13  C 93189.61407106 -.00000008  00000-0  10182-4 0  4509
2 20480  99.0338  41.7405 0541462  38.1460 325.6705 12.83220244160062
MOS-1B R/B 
1 20491U 90 13  D 93188.68127650  .00000299  00000-0  61019-3 0  7159
2 20491  99.0594  75.9902 0469692 295.3286  59.9897 13.02960358161795
LACE       
1 20496U 90 15  A 93189.25841409  .00002858  00000-0  10264-3 0  1338
2 20496  43.1138 200.9451 0014355 300.5680  59.3649 15.30891875188778
Nadezhda 2 
1 20508U 90 17  A 93186.76877358  .00000042  00000-0  38736-4 0  6882
2 20508  82.9543 317.9232 0045507 123.1173 237.4354 13.73456193167996
OKEAN 2    
1 20510U 90 18  A 93187.89338068  .00000474  00000-0  63899-4 0   477
2 20510  82.5229 145.4626 0017102 240.3393 119.6174 14.78101867180653
INTELSAT-6 
1 20523U 90 21  A 93190.19694372 -.00000217  00000-0  99999-4 0   998
2 20523   0.0198  25.6365 0000397 123.5527 174.3085  1.00268282  5184
GPS BII-07 
1 20533U 90 25  A 93184.25337927 -.00000030  00000-0  99999-4 0  5812
2 20533  55.1419 331.1185 0042079  87.7637 272.7245  2.00555391 23927
PegSat     
1 20546U 90 28  A 93186.94080642  .00006891  00000-0  19100-3 0  3549
2 20546  94.1353 103.8428 0082257 171.6502 188.6191 15.33604556179117
HST        
1 20580U 90 37  B 93189.68440514  .00000972  00000-0  84660-4 0  1387
2 20580  28.4708 285.7171 0004343 271.6925  88.3079 14.92757133174732
MACSAT 2   
1 20608U 90 43  B 93189.47220901  .00000274  00000-0  46609-4 0  7289
2 20608  89.9210 182.6810 0103152 212.1319 147.3600 14.64524139168975
Glonass 44 
1 20619U 90 45  A 93188.53460053 -.00000022  00000-0  00000+0 0  6600
2 20619  65.3287   0.6949 0023600 208.8553 151.0372  2.13102846 24418
Glonass 45 
1 20620U 90 45  B 93187.71446264 -.00000022  00000-0  00000+0 0  6889
2 20620  65.3298   0.7395 0008596  46.8667 313.1911  2.13100880 24406
Glonass 46 
1 20621U 90 45  C 93186.83877756 -.00000022  00000-0  99999-4 0  3917
2 20621  65.3437   0.7937 0013662 196.1652 163.7959  2.13101170 24388
Kristall   
1 20635U 90 48  A 93187.86822194  .00011048  00000-0  14720-3 0  2843
2 20635  51.6183 120.6847 0005540 168.5810 191.5770 15.58676464422205
ROSAT      
1 20638U 90 49  A 93189.23737286  .00001010  00000-0  77499-4 0  8091
2 20638  52.9969  96.6446 0015114 110.0861 250.1757 15.06281920170239
Meteor 2-19
1 20670U 90 57  A 93183.29810991  .00000026  00000-0  18132-4 0  5633
2 20670  82.5473 126.3915 0017563  52.2629 308.0121 13.84176858152218
CRRES      
1 20712U 90 65  A 93188.37417679  .00000951  00000-0  77182-3 0  3576
2 20712  18.2680 328.1808 7203535 290.9845   9.8287  2.34724375 17785
GPS BII-08 
1 20724U 90 68  A 93187.06536572  .00000014  00000-0  99999-4 0  4854
2 20724  54.6984 151.8456 0101716 152.4154 208.0892  2.00563275 21407
Feng Yun1-2
1 20788U 90 81  A 93189.75070264 -.00000202  00000-0 -12254-3 0  5926
2 20788  98.8663 215.4502 0014434 244.9294 115.0373 14.01311460145603
Meteor 2-20
1 20826U 90 86  A 93186.69132767  .00000057  00000-0  45805-4 0  5689
2 20826  82.5263  61.6731 0012500 305.5146  54.4849 13.83553511139846
GPS BII-09 
1 20830U 90 88  A 93189.10757607  .00000002  00000-0  99999-4 0  5448
2 20830  55.2667  94.0505 0067548 106.2012 254.5766  2.00573153 20521
GPS BII-10 
1 20959U 90103  A 93186.02765321  .00000014  00000-0  99999-4 0  4259
2 20959  54.9025 153.7071 0068786 224.2295 135.1711  2.00556245 19050
DMSP B5D2-5
1 20978U 90105  A 93189.05743994  .00000278  00000-0  11572-3 0   607
2 20978  98.7350 246.1237 0080609  96.0847 264.9533 14.32261519135849
Glonass 47 
1 21006U 90110  A 93188.74855169  .00000015  00000-0  00000+0 0  2970
2 21006  64.8848 120.9660 0059589 188.0378 171.8500  2.13102393 20103
Glonass 48 
1 21007U 90110  B 93187.99346436  .00000016  00000-0  00000+0 0  3050
2 21007  64.9074 121.0439 0036544 181.2682 178.7175  2.13101157 20089
Glonass 49 
1 21008U 90110  C 93188.34788550  .00000016  00000-0  00000+0 0  2990
2 21008  64.8893 120.9859 0010253 284.9035  74.9795  2.13099749 20093
INFORMTR-1 
1 21087U 91  6  A 93189.74092111  .00000084  00000-0  82656-4 0  8047
2 21087  82.9410  36.8784 0035079 323.9169  35.9605 13.74521438122402
Cosmos 2123
1 21089U 91  7  A 93179.26235602  .00000023  00000-0  17649-4 0  4083
2 21089  82.9214 273.9003 0030785  15.3636 344.8447 13.74023675120048
MOP-2      
1 21140U 91 15  B 93186.23400462 -.00000037  00000-0  99999-4 0  3839
2 21140   0.1778 329.8321 0001786  28.8176   1.5149  1.00276381  3512
Nadezhda 3 
1 21152U 91 19  A 93187.11712955  .00000030  00000-0  25828-4 0  4896
2 21152  82.9209 223.5137 0043612  97.4031 263.2086 13.73482622115884
Glonass 50 
1 21216U 91 25  A 93186.42045975 -.00000022  00000-0  99999-4 0   481
2 21216  65.0509   0.6546 0008699 204.5375 155.4462  2.13103876 17554
Glonass 51 
1 21217U 91 25  B 93187.89137492 -.00000022  00000-0  00000+0 0  2471
2 21217  65.0672   0.6177 0010196 227.4149 132.5057  2.13101750 17582
Glonass 52 
1 21218U 91 25  C 93185.66090587 -.00000022  00000-0  99999-4 0  9374
2 21218  65.0673   0.6670 0007160 304.4115  55.4992  2.13102699 17537
GRO        
1 21225U 91 27  B 93189.23171625  .00022179  00000-0  14948-3 0  9358
2 21225  28.4617 143.1626 0005506 165.6076 194.4703 15.73471696  3439
Meteor 3-4 
1 21232U 91 30  A 93176.70628427  .00000043  00000-0  99999-4 0  3670
2 21232  82.5446  61.7136 0019361  10.7258 349.4274 13.16823632104449
NOAA 12    
1 21263U 91 32  A 93189.34281605  .00000212  00000-0  11249-3 0  6114
2 21263  98.6555 219.0437 0013349 148.5725 211.6252 14.22283851111651
OKEAN 3    
1 21397U 91 39  A 93186.07988278  .00000444  00000-0  62559-4 0  7531
2 21397  82.5246  57.9535 0022097 315.1946  44.7494 14.75984560112302
GPS BII-11 
1 21552U 91 47  A 93189.28785645  .00000001  00000-0  99999-4 0  3838
2 21552  55.5741  91.5081 0049726 231.3353 128.2567  2.00553329 14719
ERS-1      
1 21574U 91 50  A 93189.79145483  .00000169  00000-0  70052-4 0  8819
2 21574  98.5623 264.2637 0002849  96.0063 264.1435 14.32251225103502
UO-22      
1 21575U 91 50  B 93181.75491313  .00000090  00000-0  37451-4 0  2615
2 21575  98.4723 257.6484 0007068 262.5900  97.4484 14.36835221102617
ORBCOMM-X  
1 21576U 91 50  C 93182.09888006  .00000127  00000-0  50270-4 0  3798
2 21576  98.4724 257.1989 0003083 273.9505  86.1326 14.36215676102610
TUBSAT     
1 21577U 91 50  D 93189.75230741  .00000122  00000-0  48449-4 0  2650
2 21577  98.4722 265.0793 0004885 243.5781 116.4904 14.36385036103731
SARA       
1 21578U 91 50  E 93185.76686873  .00000452  00000-0  16155-3 0  4341
2 21578  98.4764 262.8656 0004008 253.6445 106.4304 14.38465520103256
TDRS 4     
1 21639U 91 54  B 93189.38403881  .00000110  00000-0  00000+0 0  3967
2 21639   0.0099 219.4808 0003247 222.9523 167.9061  1.00276135  5149
Meteor 3-5 
1 21655U 91 56  A 93189.47456972  .00000043  00000-0  99999-4 0  4366
2 21655  82.5524 359.4790 0014040 340.6199  19.4387 13.16822686 91224
UARS       
1 21701U 91 63  B 93180.90809607 -.00000839  00000-0 -62477-4 0  2490
2 21701  56.9829 130.4931 0005121  81.4948 278.6647 14.96666224 98201
DMSP B5D2-6
1 21798U 91 82  A 93189.41538788  .00000216  00000-0  13441-3 0  6027
2 21798  98.9531 189.5677 0013654  35.2324 324.9712 14.13687195 83043
Glonass 53 
1 21853U 92  5  A 93188.22049680  .00000015  00000-0  99999-4 0  6346
2 21853  64.8335 120.7205 0006355 204.3825 155.5830  2.13102286 11194
Glonass 54 
1 21854U 92  5  B 93188.04437011  .00000015  00000-0  00000+0 0  5985
2 21854  64.8348 120.7152 0016471  11.2715 348.7606  2.13102910 11183
Glonass 55 
1 21855U 92  5  C 93188.10407101  .00000015  00000-0  00000+0 0  5889
2 21855  64.8361 120.7150 0006629 207.4757 152.4875  2.13102184 11176
JERS-1     
1 21867U 92  7  A 93189.83412673  .00002207  00000-0  18843-3 0  9028
2 21867  97.6756 265.7514 0002941  97.0950 263.0910 14.98681453 76959
GPS BII-12 
1 21890U 92  9  A 93189.24870129 -.00000008  00000-0  99999-4 0  2725
2 21890  54.3571 270.9045 0061839 153.3920 206.9997  2.00568610 10083
GPS BII-13 
1 21930U 92 19  A 93181.97876186 -.00000024  00000-0  99999-4 0  2483
2 21930  55.4289  31.9065 0063267 162.4994 197.7739  2.00562310  8867
EUVE       
1 21987U 92 31  A 93139.50557610  .00001804  00000-0  83386-4 0   857
2 21987  28.4314 172.9065 0009598 358.7266   1.3359 15.17211912 52524
SAMPEX     
1 22012U 92 38  A 93188.47338987  .00002574  00000-0  22190-3 0  2096
2 22012  81.6723 174.1716 0121586  82.8064 278.6974 14.91310280 54937
GPS BII-14 
1 22014U 92 39  A 93189.49764594  .00000012  00000-0  99999-4 0  1422
2 22014  54.8880 211.4364 0082676 287.2833  71.8571  2.00552836   850
Glonass 56 
1 22056U 92 47  A 93187.53594873 -.00000022  00000-0  00000+0 0  4123
2 22056  64.9148   0.8837 0003605 272.7098  87.2595  2.13103119  7244
Glonass 57 
1 22057U 92 47  B 93188.12237770 -.00000022  00000-0  00000+0 0  4254
2 22057  64.9170   0.8659 0003102 284.2859  75.6905  2.13103181  7253
Glonass 58 
1 22058U 92 47  C 93187.82905169 -.00000022  00000-0  00000+0 0  4222
2 22058  64.9032   0.8968 0009810 297.7719  62.1583  2.13106933  7284
EURECA-1   
1 22065U 92 49  B 93175.71348182  .00004401  00000-0  14314-3 0  1210
2 22065  28.4600 291.5905 0005617 196.6864 163.3548 15.29184885 50003
TOPEX      
1 22076U 92 52  A 93189.66156704 -.00000001  00000-0  99999-4 0  2792
2 22076  66.0426 284.5383 0008077 266.4737  93.5340 12.80931118 42490
KITSAT-A   
1 22077U 92 52  B 93185.38088294  .00000000  00000-0  99999-4 0  1063
2 22077  66.0765 288.1820 0003939 181.8255 178.2750 12.86279208 42059
S80/T      
1 22078U 92 52  C 93176.44778161 -.00000000  00000-0  99999-4 0  1016
2 22078  66.0787 306.5542 0004420 164.0820 196.0337 12.86560082 40967
TOPEX R/B  
1 22079U 92 52  D 93187.42836914 -.00000002  00000-0  99999-4 0  1234
2 22079  66.0743 294.1509 0069197 348.9373  11.0116 12.77666446 42170
GPS BII-15 
1 22108U 92 58  A 93189.46029922 -.00000008  00000-0  99999-4 0  1610
2 22108  54.5635 271.5317 0104438 128.8775 232.1235  2.00564011  6033
FREJA      
1 22161U 92 64  A 93184.05602123 -.00000008  00000-0  19042-4 0  1381
2 22161  63.0017  95.6376 0771162 284.2027  67.4597 13.21648244 35658
LAGEOS II  
1 22195U 92 70  B 93179.11197077 -.00000004  00000-0  99999-4 0   613
2 22195  52.6849 317.4923 0136609 322.8175  36.2988  6.47293245 16024
GPS BII-16 
1 22231U 92 79  A 93188.15185601  .00000011  00000-0  99999-4 0   940
2 22231  54.7893 212.7858 0040901 294.5593  65.0689  2.00571959  4581
GPS BII-17 
1 22275U 92 89  A 93189.28291541  .00000012  00000-0  99999-4 0   788
2 22275  54.7172 210.2768 0062017 243.9547 115.4814  2.00549871  4017
TDRS 5     
1 22314U 93  3  B 93189.28017699  .00000123  00000-0  99999-4 0   692
2 22314   0.3494  67.9433 0001216  74.4105 106.8985  1.00261544  1884
Soyuz TM-16
1 22319U 93  5  A 93187.86822005  .00012853  00000-0  17014-3 0  1406
2 22319  51.6189 120.6852 0005334 168.3095 191.8405 15.58679751 25537
GPS BII-18 
1 22446U 93  7  A 93188.36005472 -.00000031  00000-0  99999-4 0   853
2 22446  54.8773 331.4544 0064814 333.5546  26.1186  2.00563515  3026
Glonass 59 
1 22512U 93 10  A 93187.75144583  .00000015  00000-0  99999-4 0  1694
2 22512  64.8519 120.5758 0008537 204.2545 155.6992  2.13101877  2762
Glonass 60 
1 22513U 93 10  B 93188.16181731  .00000015  00000-0  00000+0 0  1596
2 22513  64.8472 120.5710 0005767 208.0528 151.9149  2.13102490  2972
Glonass 61 
1 22514U 93 10  C 93186.98892080  .00000015  00000-0  00000+0 0  1535
2 22514  64.8468 120.6106 0012710 196.3093 163.6388  2.13102221  2944
ASTRO-D    
1 22521U 93 11  A 93186.19651408  .00001479  00000-0  12555-3 0   406
2 22521  31.1035  94.0142 0077570 304.0842  55.2804 14.92426810 20209
UHF F1     
1 22563U 93 15  A 93185.76636019 -.00000074  00000-0  99999-4 0   284
2 22563  27.2426 304.7836 0003150 230.5689 129.4711  0.99249414  2140
GPS BII-19 
1 22581U 93 17  A 93186.51304004 -.00000025  00000-0  99999-4 0   204
2 22581  54.9390  31.6328 0041220  34.6738 325.5675  2.00560827  2008
ProgressM17
1 22588U 93 19  A 93187.86822157  .00010614  00000-0  14170-3 0   836
2 22588  51.6184 120.6849 0005534 168.7091 191.4463 15.58675842 15242
ARSENE     
1 22654U 93 31  B 93159.17059438 -.00000050  00000-0  99999-4 0    85
2 22654   1.1041 131.8070 2871288 138.5695 244.7306  1.39870846   441
GPS BII-20 
1 22657U 93 32 A  93189.14429984 -.00000025  00000-0  99999-4 0   190
2 22657  54.9950  31.3418 0055605 197.9817 161.8563  2.00579620  4723
ProgressM18
1 22666U          93185.62345561  .00030813  00000-0  38022-3 0   512
2 22666  51.6287 131.9452 0010114 167.2384 192.8655 15.59836388421858
Cosmos 2251
1 22675U 93 36  A 93189.28315019  .00000055  00000-0  25887-4 0   122
2 22675  74.0397 296.7972 0017372 310.0172  49.9452 14.29415316  3169
1993 036B  
1 22676U 93 36  B 93189.74894714 -.00000554  00000-0 -20639-3 0   224
2 22676  74.0483 295.8604 0018254 332.0917  27.9258 14.30887021  3224
Cosmos 2252
1 22687U 93 38  A 93183.39824737  .00000023  00000-0  99998-4 0   157
2 22687  82.5829 357.1485 0007896 317.3637  42.6841 12.63016021   988
Cosmos 2253
1 22688U 93 38  B 93186.02721204  .00000022  00000-0  99999-4 0    66
2 22688  82.5871 355.4979 0009499 246.9009 113.1081 12.61278463  1367
Cosmos 2254
1 22689U 93 38  C 93183.30869644  .00000023  00000-0  99999-4 0   157
2 22689  82.5818 357.1897 0013511 359.5489   0.5590 12.64631777  1032
Cosmos 2255
1 22690U 93 38  D 93189.57640439  .00000022  00000-0  99998-4 0    50
2 22690  82.5847 353.2046 0006015 318.6776  41.3859 12.63071706  2418
Cosmos 2256
1 22691U 93 38  E 93176.11003664  .00000022  00000-0  99998-4 0    27
2 22691  82.5753   1.7984 0008614   6.1907 353.9235 12.63652734   710
Cosmos 2257
1 22692U 93 38  F 93177.77601502  .00000022  00000-0  99998-4 0    37
2 22692  82.5789   0.7390 0006872 288.7512  71.2834 12.62016649   896
1993 038G  
1 22693U 93 38  G 93184.40903753  .00000020  00000-0  99998-4 0    59
2 22693  82.5863 356.5971 0045147 222.3435 137.4165 12.54732738  1677
Galaxy 4   
1 22694U 93 39  A 93185.46278415 -.00000149  00000-0  99999-4 0    96
2 22694   0.1177 356.3413 0024953 277.2099  86.1665  1.00206674    70
Resurs F-18
1 22696U 93 40  A 93189.95588585  .00085505  00000-0  57520-4 0   272
2 22696  82.5878  50.2318 0010620  79.4242 280.8120 16.16718993  2195
RADCAL     
1 22698U 93 41  A 93181.60324983  .00000074  00000-0  30188-4 0    65
2 22698  89.5563 327.2548 0090250 250.2283 108.9155 14.20585016   656
1993 041B  
1 22699U 93 41  B 93185.89573233  .00000131  00000-0  55253-4 0    25
2 22699  89.5573 327.0392 0089007 238.1876 121.0613 14.21267003  1261
1993 042A  
1 22700U 93 42  A 93186.62895958 -.00000008  00000-0  99999-4 0    65
2 22700  54.7390 272.3209 0029401 284.5127  75.2319  2.00781539   137
1993 042B  
1 22701U 93 42  B 93189.37935680  .00493813 -44622-4  70062-3 0   182
2 22701  25.7107 177.0207 0446930 336.9089  21.1990 15.22591119  1801
1993 042C  
1 22702U 93 42  C 93189.49322365  .00081456  50656-5  15800-2 0   229
2 22702  34.8507 261.9975 6045636 204.9750 106.2258  4.06243609   499
Soyuz TM-17
1 22704U 93 43  A 93187.86822537  .00012841  00000-0  16994-3 0    93
2 22704  51.6187 120.6853 0005300 168.1576 192.0220 15.58679865   839
1993 041C  
1 22706U 93 41  D 93186.82793230  .00000293  00000-0  11011-3 0    32
2 22706  89.2916 326.6809 0032638 297.1021  62.6850 14.29037457  1406
1993 041D  
1 22707U 93 41  D 93189.90337293  .00000369  00000-0  16654-3 0    52
2 22707  89.8605 327.2946 0161597 216.0901 142.9283 14.14091340  1824
1993 034C  
1 22708U 93 34  C 93189.21070546  .00054387  00000-0  65410-3 0    68
2 22708  51.6254 113.8899 0009773 176.1648 184.0584 15.60245852422413
1993 044A  
1 22709U 93 44  A 93189.96930846  .00005946  00000-0  99999-4 0    90
2 22709  65.0438  63.3737 0009753 260.5631  99.3994 15.52053503   253
